1400.0000 -980.133045 1400
1380.0000 -980.181110 1380
1360.0000 -979.031177 1360
1340.0000 -980.974449 1340
1320.0000 -976.213543 1320
1300.0000 -982.256009 1300
1280.0000 -983.045680 1280
1260.0000 -981.344176 1260
1240.0000 -983.609604 1240
1220.0000 -982.455068 1220
1200.0000 -979.998692 1200
1180.0000 -981.429685 1180
1160.0000 -978.287424 1160
1140.0000 -978.504979 1140
1120.0000 -975.212983 1120
1100.0000 -973.751156 1100
1080.0000 -971.411772 1080
1060.0000 -968.962910 1060
1040.0000 -965.857946 1040
1020.0000 -961.863316 1020
1000.0000 -958.287037 1000
281 12.1671 1400
97 -0.1628 1380
307 29.8173 1360
404 -8.0611 1340
191 -8.4574 1320
202 -5.7637 1300
62 -21.5479 1280
247 -14.8673 1260
159 -10.0322 1240
145 12.0184 1220
133 -22.5218 1200
119 -28.7559 1180
130 -7.8087 1160
131 -26.2653 1140
164 -7.8939 1120
338 -9.6375 1100
131 -1.8862 1080
122 -8.2898 1060
156 21.7001 1040
121 -0.2088 1020
95 -0.0008 1000
