1400.0000 -981.301792 1400
1380.0000 -979.422345 1380
1360.0000 -979.752544 1360
1340.0000 -978.246087 1340
1320.0000 -978.933608 1320
1300.0000 -977.801033 1300
1280.0000 -975.977199 1280
1260.0000 -975.286360 1260
1240.0000 -974.445909 1240
1220.0000 -973.932378 1220
1200.0000 -973.441526 1200
1180.0000 -971.612651 1180
1160.0000 -969.794040 1160
1140.0000 -967.585492 1140
1120.0000 -966.100247 1120
1100.0000 -963.504353 1100
1080.0000 -960.362093 1080
1060.0000 -956.571399 1060
1040.0000 -952.491937 1040
1020.0000 -948.416940 1020
1000.0000 -943.911715 1000
537 0.0000 1400
179 0.0000 1380
168 -0.0000 1360
270 0.0001 1340
177 -0.0000 1320
197 -0.0000 1300
247 -0.0000 1280
116 -0.0000 1260
236 -0.0000 1240
686 -0.0000 1220
195 -0.0000 1200
129 -0.0000 1180
193 -0.0000 1160
189 -0.0000 1140
310 -0.0489 1120
175 5.9824 1100
148 -7.7417 1080
241 -7.4842 1060
236 1.9952 1040
532 -3.8349 1020
441 -1.6367 1000
