1400.0000 -983.073966 84 95.9984 1400
1380.0000 -982.874053 71 35.8610 1380
1360.0000 -979.103736 49 72.0000 1360
1340.0000 -978.768721 35 121.8052 1340
1320.0000 -978.440842 29 120.6810 1320
1300.0000 -977.990300 26 120.0208 1300
1280.0000 -970.786987 178 86.2509 1280
1260.0000 -975.268562 95 0.0000 1260
1240.0000 -978.529297 62 123.2748 1240
1220.0000 -977.074326 34 120.5114 1220
1200.0000 -969.663878 60 60.0000 1200
1180.0000 -969.677803 10 71.9577 1180
1160.0000 -963.028194 74 37.8489 1160
1140.0000 -964.987403 98 60.0000 1140
1120.0000 -961.560946 27 60.0000 1120
1100.0000 -957.733487 20 59.9982 1100
1080.0000 -953.797636 59 42.0953 1080
1060.0000 -948.127862 45 81.8246 1060
1040.0000 -942.635002 92 72.0524 1040
1020.0000 -936.935720 63 48.2028 1020
1000.0000 -930.076450 45 48.0565 1000
84 95.9984 1400
71 35.8610 1380
49 72.0000 1360
35 121.8052 1340
29 120.6810 1320
26 120.0208 1300
178 86.2509 1280
95 0.0000 1260
62 123.2748 1240
34 120.5114 1220
60 60.0000 1200
10 71.9577 1180
74 37.8489 1160
98 60.0000 1140
27 60.0000 1120
20 59.9982 1100
59 42.0953 1080
45 81.8246 1060
92 72.0524 1040
63 48.2028 1020
45 48.0565 1000
84 95.9984 1400
71 35.8610 1380
49 72.0000 1360
35 121.8052 1340
29 120.6810 1320
26 120.0208 1300
178 86.2509 1280
95 0.0000 1260
62 123.2748 1240
34 120.5114 1220
60 60.0000 1200
10 71.9577 1180
74 37.8489 1160
98 60.0000 1140
27 60.0000 1120
20 59.9982 1100
59 42.0953 1080
45 81.8246 1060
92 72.0524 1040
63 48.2028 1020
45 48.0565 1000
