1400.0000 -982.578525 1400
1380.0000 -982.809616 1380
1360.0000 -982.810136 1360
1340.0000 -982.265482 1340
1320.0000 -982.431526 1320
1300.0000 -981.565903 1300
1280.0000 -980.783263 1280
1260.0000 -979.767181 1260
1240.0000 -977.981712 1240
1220.0000 -977.587188 1220
1200.0000 -976.035300 1200
1180.0000 -974.111045 1180
1160.0000 -971.774184 1160
1140.0000 -969.460367 1140
1120.0000 -966.686563 1120
1100.0000 -964.262652 1100
1080.0000 -961.740373 1080
1060.0000 -958.895405 1060
1040.0000 -955.058289 1040
1020.0000 -950.629119 1020
1000.0000 -946.098575 1000
329 -4.2662 1400
200 12.0060 1380
287 -2.1918 1360
168 -4.8129 1340
212 -3.9121 1320
224 -16.0035 1300
349 24.1342 1280
303 10.0356 1260
192 -3.8536 1240
231 0.0509 1220
146 6.2434 1200
265 12.3725 1180
180 -1.9064 1160
346 5.2371 1140
171 9.9286 1120
290 -9.7884 1100
173 -9.9364 1080
253 -5.5426 1060
284 6.0756 1040
165 10.1060 1020
325 -2.2647 1000
