1400.0000 -981.934483 1400
1380.0000 -981.239507 1380
1360.0000 -980.834922 1360
1340.0000 -980.108818 1340
1320.0000 -979.574704 1320
1300.0000 -979.699023 1300
1280.0000 -979.484804 1280
1260.0000 -978.306033 1260
1240.0000 -977.152117 1240
1220.0000 -976.163778 1220
1200.0000 -974.885334 1200
1180.0000 -973.663164 1180
1160.0000 -971.866125 1160
1140.0000 -969.897528 1140
1120.0000 -967.961403 1120
1100.0000 -964.968379 1100
1080.0000 -961.636063 1080
1060.0000 -958.485096 1060
1040.0000 -954.560171 1040
1020.0000 -950.077368 1020
1000.0000 -944.437638 1000
547 5.5775 1400
373 5.9000 1380
54 17.7878 1360
277 6.0426 1340
158 3.6540 1320
108 15.9965 1300
350 -14.0880 1280
263 11.9816 1260
101 -2.3365 1240
332 3.7829 1220
155 3.9722 1200
271 -2.0311 1180
126 1.6523 1160
393 -6.0153 1140
141 0.1836 1120
151 -6.0731 1100
131 5.9248 1080
276 3.7280 1060
342 9.6355 1040
428 13.9719 1020
138 7.9411 1000
