1400.0000 -973.670854 1400
1380.0000 -974.347975 1380
1360.0000 -974.846730 1360
1340.0000 -970.936394 1340
1320.0000 -976.673412 1320
1300.0000 -973.490796 1300
1280.0000 -975.812092 1280
1260.0000 -979.689046 1260
1240.0000 -979.838930 1240
1220.0000 -982.078209 1220
1200.0000 -980.018940 1200
1180.0000 -980.346185 1180
1160.0000 -980.716809 1160
1140.0000 -976.892400 1140
1120.0000 -970.363632 1120
1100.0000 -973.321450 1100
1080.0000 -966.848924 1080
1060.0000 -969.621973 1060
1040.0000 -964.557667 1040
1020.0000 -962.782716 1020
1000.0000 -958.661892 1000
108 0.0000 1400
44 0.0000 1380
61 0.0000 1360
51 -0.0000 1340
186 -0.0000 1320
51 -0.0000 1300
100 0.0000 1280
164 0.0000 1260
1000 0.0000 1240
92 -0.0000 1220
65 -0.0000 1200
90 -0.0000 1180
53 -0.0000 1160
45 -0.0000 1140
48 -0.0001 1120
57 -0.0000 1100
93 -0.0001 1080
48 -0.0000 1060
79 0.0000 1040
45 -0.0000 1020
46 -0.0000 1000
