1400.0000 -978.351694 1400
1380.0000 -978.600111 1380
1360.0000 -969.458278 1360
1340.0000 -976.394630 1340
1320.0000 -982.285289 1320
1300.0000 -974.751826 1300
1280.0000 -975.498726 1280
1260.0000 -976.710894 1260
1240.0000 -981.746558 1240
1220.0000 -981.349281 1220
1200.0000 -980.846673 1200
1180.0000 -978.504245 1180
1160.0000 -975.764177 1160
1140.0000 -974.871553 1140
1120.0000 -972.869862 1120
1100.0000 -970.633359 1100
1080.0000 -967.830387 1080
1060.0000 -964.185262 1060
1040.0000 -960.048731 1040
1020.0000 -955.787259 1020
1000.0000 -950.476966 1000
28 60.0000 1400
9 60.0001 1380
27 110.9839 1360
9 153.2494 1340
53 156.0000 1320
14 106.6870 1300
11 111.2534 1280
15 112.0111 1260
11 155.9052 1240
20 84.0000 1220
30 84.0000 1200
24 84.0000 1180
27 105.8751 1160
9 94.4061 1140
23 94.2207 1120
15 92.3601 1100
16 92.0347 1080
14 90.1770 1060
40 83.6654 1040
21 70.0058 1020
10 69.9696 1000
