1400.0000 -979.849556 1400
1380.0000 -981.665613 1380
1360.0000 -970.741199 1360
1340.0000 -979.939720 1340
1320.0000 -975.142613 1320
1300.0000 -974.483131 1300
1280.0000 -975.270024 1280
1260.0000 -976.742040 1260
1240.0000 -977.234844 1240
1220.0000 -18651.058465 1220
1200.0000 -979.432776 1200
1180.0000 -978.888744 1180
1160.0000 -977.893593 1160
1140.0000 -976.537305 1140
1120.0000 -974.419903 1120
1100.0000 -971.926360 1100
1080.0000 -968.880259 1080
1060.0000 -965.023950 1060
1040.0000 -961.894580 1040
1020.0000 -957.469192 1020
1000.0000 -951.776403 1000
70 60.2790 1400
34 139.1935 1380
47 98.4711 1360
22 147.9282 1340
22 112.1232 1320
16 95.1578 1300
27 93.6498 1280
62 82.4910 1260
16 84.1525 1240
23 83.6079 1220
13 60.0000 1200
9 60.0000 1180
8 60.0000 1160
10 60.0000 1140
7 60.0000 1120
8 60.0000 1100
28 60.0012 1080
23 62.0423 1060
13 59.9882 1040
7 59.8671 1020
8 58.7144 1000
