1400.0000 -983.289121 510 4.5623 1400
1380.0000 -982.921173 305 -12.1270 1380
1360.0000 -982.773750 180 1.7409 1360
1340.0000 -982.212296 246 -14.0574 1340
1320.0000 -981.509334 510 0.7654 1320
1300.0000 -980.909867 179 1.7355 1300
1280.0000 -980.164037 300 5.7627 1280
1260.0000 -977.833025 38 -4.0413 1260
1240.0000 -977.863928 246 -17.7318 1240
1220.0000 -976.146994 396 4.0465 1220
1200.0000 -974.952828 326 -15.7826 1200
1180.0000 -972.872641 186 1.9922 1180
1160.0000 -969.616292 117 1.9561 1160
1140.0000 -966.966919 149 -23.8435 1140
1120.0000 -963.139746 263 -12.4378 1120
1100.0000 -960.489007 237 -4.6086 1100
1080.0000 -955.739294 271 -8.0311 1080
1060.0000 -951.369341 246 -1.7502 1060
1040.0000 -946.696742 174 -3.9881 1040
1020.0000 -940.458035 283 -8.1892 1020
1000.0000 -933.893461 108 -2.5190 1000
510 4.5623 1400
305 -12.1270 1380
180 1.7409 1360
246 -14.0574 1340
510 0.7654 1320
179 1.7355 1300
300 5.7627 1280
38 -4.0413 1260
246 -17.7318 1240
396 4.0465 1220
326 -15.7826 1200
186 1.9922 1180
117 1.9561 1160
149 -23.8435 1140
263 -12.4378 1120
237 -4.6086 1100
271 -8.0311 1080
246 -1.7502 1060
174 -3.9881 1040
283 -8.1892 1020
108 -2.5190 1000
510 4.5623 1400
305 -12.1270 1380
180 1.7409 1360
246 -14.0574 1340
510 0.7654 1320
179 1.7355 1300
300 5.7627 1280
38 -4.0413 1260
246 -17.7318 1240
396 4.0465 1220
326 -15.7826 1200
186 1.9922 1180
117 1.9561 1160
149 -23.8435 1140
263 -12.4378 1120
237 -4.6086 1100
271 -8.0311 1080
246 -1.7502 1060
174 -3.9881 1040
283 -8.1892 1020
108 -2.5190 1000
