1400.0000 -979.565982 1400
1380.0000 -979.380106 1380
1360.0000 -977.038237 1360
1340.0000 -978.759727 1340
1320.0000 -981.710519 1320
1300.0000 -983.057152 1300
1280.0000 -984.236731 1280
1260.0000 -982.141158 1260
1240.0000 -984.394787 1240
1220.0000 -982.589302 1220
1200.0000 -979.972337 1200
1180.0000 -981.936298 1180
1160.0000 -980.585821 1160
1140.0000 -978.420655 1140
1120.0000 -976.170913 1120
1100.0000 -974.786312 1100
1080.0000 -971.896372 1080
1060.0000 -969.186222 1060
1040.0000 -965.997551 1040
1020.0000 -962.470141 1020
1000.0000 -957.885203 1000
286 -0.0000 1400
1000 0.0000 1380
296 -0.0000 1360
164 0.0000 1340
258 0.0000 1320
153 -0.0000 1300
193 -0.0000 1280
156 -0.0000 1260
117 0.0000 1240
87 -0.0000 1220
115 0.0000 1200
110 -0.0000 1180
190 -0.0000 1160
173 -0.0000 1140
250 -0.0000 1120
134 -0.0000 1100
196 -0.0000 1080
241 -0.0000 1060
127 -0.0000 1040
176 -0.0000 1020
179 0.0000 1000
