1400.0000 -982.680915 183 -0.0000 1400
1380.0000 -981.053743 307 0.0000 1380
1360.0000 -977.181051 188 0.0000 1360
1340.0000 -981.394315 175 0.0000 1340
1320.0000 -981.570323 533 0.0000 1320
1300.0000 -980.948573 78 0.0000 1300
1280.0000 -980.044692 129 0.0000 1280
1260.0000 -978.544854 226 0.0000 1260
1240.0000 -977.619927 101 0.0000 1240
1220.0000 -975.212127 10 0.0000 1220
1200.0000 -973.523569 126 -0.0000 1200
1180.0000 -970.520522 170 -0.0000 1180
1160.0000 -968.162215 144 -0.0000 1160
1140.0000 -965.297388 98 -0.0000 1140
1120.0000 -962.881729 318 0.0000 1120
1100.0000 -959.273578 166 -0.0000 1100
1080.0000 -955.056228 110 -0.0000 1080
1060.0000 -950.548709 335 -0.0000 1060
1040.0000 -944.922975 150 -0.0000 1040
1020.0000 -940.329131 357 -0.0000 1020
1000.0000 -933.750840 92 -0.0000 1000
183 -0.0000 1400
307 0.0000 1380
188 0.0000 1360
175 0.0000 1340
533 0.0000 1320
78 0.0000 1300
129 0.0000 1280
226 0.0000 1260
101 0.0000 1240
10 0.0000 1220
126 -0.0000 1200
170 -0.0000 1180
144 -0.0000 1160
98 -0.0000 1140
318 0.0000 1120
166 -0.0000 1100
110 -0.0000 1080
335 -0.0000 1060
150 -0.0000 1040
357 -0.0000 1020
92 -0.0000 1000
183 -0.0000 1400
307 0.0000 1380
188 0.0000 1360
175 0.0000 1340
533 0.0000 1320
78 0.0000 1300
129 0.0000 1280
226 0.0000 1260
101 0.0000 1240
10 0.0000 1220
126 -0.0000 1200
170 -0.0000 1180
144 -0.0000 1160
98 -0.0000 1140
318 0.0000 1120
166 -0.0000 1100
110 -0.0000 1080
335 -0.0000 1060
150 -0.0000 1040
357 -0.0000 1020
92 -0.0000 1000
