1400.0000 -977.265957 1400
1380.0000 -979.308430 1380
1360.0000 -973.284423 1360
1340.0000 -973.276237 1340
1320.0000 -973.589499 1320
1300.0000 -973.677099 1300
1280.0000 -973.498991 1280
1260.0000 -972.678783 1260
1240.0000 -971.098504 1240
1220.0000 -971.301296 1220
1200.0000 -969.642046 1200
1180.0000 -967.399308 1180
1160.0000 -964.785578 1160
1140.0000 -961.764084 1140
1120.0000 -958.679948 1120
1100.0000 -955.812001 1100
1080.0000 -954.113296 1080
1060.0000 -951.623400 1060
1040.0000 -948.390882 1040
1020.0000 -944.908145 1020
1000.0000 -940.589142 1000
31 150.3142 1400
31 48.6635 1380
29 85.9909 1360
16 107.9984 1340
8 107.7859 1320
12 106.3962 1300
10 106.0039 1280
8 105.9973 1260
10 96.7946 1240
14 81.7384 1220
10 80.6317 1200
13 78.5932 1180
15 78.0864 1160
16 78.0060 1140
14 77.9580 1120
51 46.7177 1100
13 24.6139 1080
15 18.3756 1060
9 18.0084 1040
15 13.4108 1020
19 13.6483 1000
