1400.0000 -983.083340 384 -13.9943 1400
1380.0000 -982.205761 163 37.1224 1380
1360.0000 -982.637773 294 -1.6739 1360
1340.0000 -982.877241 371 0.6996 1340
1320.0000 -982.547132 143 -2.4470 1320
1300.0000 -981.781316 209 7.0064 1300
1280.0000 -981.190343 141 8.1770 1280
1260.0000 -980.107097 157 0.1246 1260
1240.0000 -978.792236 129 0.1470 1240
1220.0000 -976.893178 229 17.9965 1220
1200.0000 -974.877679 195 7.8703 1200
1180.0000 -972.581398 242 -7.8327 1180
1160.0000 -969.438795 169 -4.2354 1160
1140.0000 -966.725691 214 16.1625 1140
1120.0000 -962.852097 159 -0.1329 1120
1100.0000 -959.762232 441 5.9800 1100
1080.0000 -955.042249 197 -4.1250 1080
1060.0000 -950.439477 277 14.6229 1060
1040.0000 -945.573452 293 -10.1535 1040
1020.0000 -940.028700 290 -6.0244 1020
1000.0000 -933.416897 149 -0.0169 1000
384 -13.9943 1400
163 37.1224 1380
294 -1.6739 1360
371 0.6996 1340
143 -2.4470 1320
209 7.0064 1300
141 8.1770 1280
157 0.1246 1260
129 0.1470 1240
229 17.9965 1220
195 7.8703 1200
242 -7.8327 1180
169 -4.2354 1160
214 16.1625 1140
159 -0.1329 1120
441 5.9800 1100
197 -4.1250 1080
277 14.6229 1060
293 -10.1535 1040
290 -6.0244 1020
149 -0.0169 1000
384 -13.9943 1400
163 37.1224 1380
294 -1.6739 1360
371 0.6996 1340
143 -2.4470 1320
209 7.0064 1300
141 8.1770 1280
157 0.1246 1260
129 0.1470 1240
229 17.9965 1220
195 7.8703 1200
242 -7.8327 1180
169 -4.2354 1160
214 16.1625 1140
159 -0.1329 1120
441 5.9800 1100
197 -4.1250 1080
277 14.6229 1060
293 -10.1535 1040
290 -6.0244 1020
149 -0.0169 1000
